-6 11.1816
-5.95181 11.0768
-5.90361 10.9686
-5.85542 10.8571
-5.80723 10.7425
-5.75904 10.6249
-5.71084 10.5046
-5.66265 10.3818
-5.61446 10.2566
-5.56627 10.1291
-5.51807 9.99957
-5.46988 9.86814
-5.42169 9.73495
-5.37349 9.60014
-5.3253 9.46387
-5.27711 9.32626
-5.22892 9.18746
-5.18072 9.04758
-5.13253 8.90677
-5.08434 8.76512
-5.03614 8.62278
-4.98795 8.47984
-4.93976 8.33642
-4.89157 8.19263
-4.84337 8.04856
-4.79518 7.90433
-4.74699 7.76001
-4.6988 7.61572
-4.6506 7.47152
-4.60241 7.32753
-4.55422 7.1838
-4.50602 7.04043
-4.45783 6.8975
-4.40964 6.75507
-4.36145 6.61323
-4.31325 6.47203
-4.26506 6.33155
-4.21687 6.19184
-4.16867 6.05298
-4.12048 5.91501
-4.07229 5.778
-4.0241 5.642
-3.9759 5.50707
-3.92771 5.37324
-3.87952 5.24057
-3.83133 5.10911
-3.78313 4.9789
-3.73494 4.84997
-3.68675 4.72237
-3.63855 4.59614
-3.59036 4.47131
-3.54217 4.34792
-3.49398 4.226
-3.44578 4.10558
-3.39759 3.98669
-3.3494 3.86935
-3.3012 3.7536
-3.25301 3.63945
-3.20482 3.52694
-3.15663 3.41608
-3.10843 3.30689
-3.06024 3.19939
-3.01205 3.0936
-2.96386 2.98954
-2.91566 2.88722
-2.86747 2.78666
-2.81928 2.68787
-2.77108 2.59086
-2.72289 2.49565
-2.6747 2.40223
-2.62651 2.31063
-2.57831 2.22085
-2.53012 2.1329
-2.48193 2.04678
-2.43373 1.9625
-2.38554 1.88006
-2.33735 1.79947
-2.28916 1.72073
-2.24096 1.64384
-2.19277 1.56881
-2.14458 1.49563
-2.09639 1.4243
-2.04819 1.35482
-2 1.2872
-1.95181 1.22143
-1.90361 1.1575
-1.85542 1.09541
-1.80723 1.03516
-1.75904 0.976742
-1.71084 0.920152
-1.66265 0.865383
-1.61446 0.812427
-1.56627 0.761278
-1.51807 0.711927
-1.46988 0.664366
-1.42169 0.618584
-1.37349 0.574573
-1.3253 0.532321
-1.27711 0.491818
-1.22892 0.453052
-1.18072 0.416009
-1.13253 0.380678
-1.08434 0.347044
-1.03614 0.315093
-0.987952 0.28481
-0.939759 0.25618
-0.891566 0.229186
-0.843373 0.203811
-0.795181 0.180038
-0.746988 0.157848
-0.698795 0.137223
-0.650602 0.118141
-0.60241 0.100584
-0.554217 0.084529
-0.506024 0.0699544
-0.457831 0.0568372
-0.409639 0.0451536
-0.361446 0.0348789
-0.313253 0.0259877
-0.26506 0.0184536
-0.216867 0.012249
-0.168675 0.0073458
-0.120482 0.0037146
-0.0722892 0.00132508
-0.0240964 0.000145856
0.0240964 0.000144456
0.0722892 0.0012873
0.120482 0.00353966
0.168675 0.0068656
0.216867 0.011228
0.26506 0.0165884
0.313253 0.0229072
0.361446 0.0301433
0.409639 0.0382543
0.457831 0.0471964
0.506024 0.0569242
0.554217 0.0673909
0.60241 0.0785481
0.650602 0.090346
0.698795 0.102733
0.746988 0.115655
0.795181 0.129058
0.843373 0.142885
0.891566 0.157077
0.939759 0.171573
0.987952 0.18631
1.03614 0.201225
1.08434 0.216251
1.13253 0.231317
1.18072 0.246355
1.22892 0.26129
1.27711 0.276047
1.3253 0.290548
1.37349 0.304712
1.42169 0.318457
1.46988 0.331697
1.51807 0.344344
1.56627 0.356307
1.61446 0.367493
1.66265 0.377805
1.71084 0.387145
1.75904 0.395409
1.80723 0.402492
1.85542 0.408286
1.90361 0.41268
1.95181 0.415557
2 0.4168
2.04819 0.416287
2.09639 0.413892
2.14458 0.409487
2.19277 0.402939
2.24096 0.394111
2.28916 0.382864
2.33735 0.369052
2.38554 0.352528
2.43373 0.333139
2.48193 0.310729
2.53012 0.285137
2.57831 0.256197
2.62651 0.223739
2.6747 0.18759
2.72289 0.14757
2.77108 0.103495
2.81928 0.0551769
2.86747 0.00242166
2.91566 -0.0549694
2.96386 -0.1172
3.01205 -0.18448
3.06024 -0.257023
3.10843 -0.33505
3.15663 -0.418786
3.20482 -0.508462
3.25301 -0.604316
3.3012 -0.706591
3.3494 -0.815535
3.39759 -0.931404
3.44578 -1.05446
3.49398 -1.18497
3.54217 -1.32321
3.59036 -1.46945
3.63855 -1.624
3.68675 -1.78713
3.73494 -1.95916
3.78313 -2.14039
3.83133 -2.33113
3.87952 -2.53171
3.92771 -2.74246
3.9759 -2.96372
4.0241 -3.19583
4.07229 -3.43915
4.12048 -3.69403
4.16867 -3.96085
4.21687 -4.23999
4.26506 -4.53182
4.31325 -4.83675
4.36145 -5.15517
4.40964 -5.4875
4.45783 -5.83416
4.50602 -6.19558
4.55422 -6.57219
4.60241 -6.96445
4.6506 -7.3728
4.6988 -7.79773
4.74699 -8.2397
4.79518 -8.6992
4.84337 -9.17673
4.89157 -9.67279
4.93976 -10.1879
4.98795 -10.7226
5.03614 -11.2774
5.08434 -11.8528
5.13253 -12.4495
5.18072 -13.068
5.22892 -13.7089
5.27711 -14.3727
5.3253 -15.0601
5.37349 -15.7716
5.42169 -16.508
5.46988 -17.2699
5.51807 -18.0578
5.56627 -18.8726
5.61446 -19.7147
5.66265 -20.585
5.71084 -21.4842
5.75904 -22.4129
5.80723 -23.3719
5.85542 -24.3619
5.90361 -25.3836
5.95181 -26.4379
6 -27.5256
