-6 17.941
-5.95181 17.5813
-5.90361 17.2253
-5.85542 16.873
-5.80723 16.5243
-5.75904 16.1793
-5.71084 15.838
-5.66265 15.5003
-5.61446 15.1664
-5.56627 14.8361
-5.51807 14.5096
-5.46988 14.1868
-5.42169 13.8677
-5.37349 13.5524
-5.3253 13.2409
-5.27711 12.9331
-5.22892 12.6291
-5.18072 12.3289
-5.13253 12.0325
-5.08434 11.7399
-5.03614 11.4512
-4.98795 11.1663
-4.93976 10.8852
-4.89157 10.608
-4.84337 10.3347
-4.79518 10.0653
-4.74699 9.79975
-4.6988 9.53814
-4.6506 9.28047
-4.60241 9.02675
-4.55422 8.77699
-4.50602 8.53121
-4.45783 8.28944
-4.40964 8.05168
-4.36145 7.81795
-4.31325 7.58829
-4.26506 7.36271
-4.21687 7.14123
-4.16867 6.92389
-4.12048 6.71071
-4.07229 6.50172
-4.0241 6.29696
-3.9759 6.09647
-3.92771 5.90029
-3.87952 5.70847
-3.83133 5.52107
-3.78313 5.33816
-3.73494 5.15981
-3.68675 4.98612
-3.63855 4.81721
-3.59036 4.65322
-3.54217 4.49434
-3.49398 4.34084
-3.44578 4.1931
-3.39759 4.05177
-3.3494 3.91828
-3.3012 3.79651
-3.25301 3.67832
-3.20482 3.56208
-3.15663 3.44781
-3.10843 3.33549
-3.06024 3.22513
-3.01205 3.11672
-2.96386 3.01027
-2.91566 2.90578
-2.86747 2.80324
-2.81928 2.70265
-2.77108 2.60402
-2.72289 2.50733
-2.6747 2.41258
-2.62651 2.31978
-2.57831 2.22892
-2.53012 2.14
-2.48193 2.05301
-2.43373 1.96795
-2.38554 1.88482
-2.33735 1.80361
-2.28916 1.72433
-2.24096 1.64695
-2.19277 1.57149
-2.14458 1.49793
-2.09639 1.42627
-2.04819 1.35651
-2 1.28863
-1.95181 1.22264
-1.90361 1.15852
-1.85542 1.09627
-1.80723 1.03588
-1.75904 0.977338
-1.71084 0.920645
-1.66265 0.865788
-1.61446 0.812758
-1.56627 0.761547
-1.51807 0.712144
-1.46988 0.66454
-1.42169 0.618723
-1.37349 0.574682
-1.3253 0.532407
-1.27711 0.491884
-1.22892 0.453102
-1.18072 0.416048
-1.13253 0.380706
-1.08434 0.347065
-1.03614 0.315108
-0.987952 0.284821
-0.939759 0.256188
-0.891566 0.229191
-0.843373 0.203815
-0.795181 0.18004
-0.746988 0.15785
-0.698795 0.137224
-0.650602 0.118142
-0.60241 0.100584
-0.554217 0.0845292
-0.506024 0.0699545
-0.457831 0.0568373
-0.409639 0.0451536
-0.361446 0.034879
-0.313253 0.0259877
-0.26506 0.0184536
-0.216867 0.012249
-0.168675 0.0073458
-0.120482 0.0037146
-0.0722892 0.00132508
-0.0240964 0.000145856
0.0240964 0.000144456
0.0722892 0.0012873
0.120482 0.00353966
0.168675 0.0068656
0.216867 0.011228
0.26506 0.0165884
0.313253 0.0229072
0.361446 0.0301433
0.409639 0.0382543
0.457831 0.0471963
0.506024 0.056924
0.554217 0.0673906
0.60241 0.0785477
0.650602 0.0903453
0.698795 0.102732
0.746988 0.115653
0.795181 0.129055
0.843373 0.14288
0.891566 0.15707
0.939759 0.171563
0.987952 0.186296
1.03614 0.201206
1.08434 0.216224
1.13253 0.231281
1.18072 0.246305
1.22892 0.261224
1.27711 0.27596
1.3253 0.290434
1.37349 0.304565
1.42169 0.318269
1.46988 0.331458
1.51807 0.344043
1.56627 0.355931
1.61446 0.367025
1.66265 0.377227
1.71084 0.386434
1.75904 0.39454
1.80723 0.401436
1.85542 0.407009
1.90361 0.411141
1.95181 0.413713
2 0.414598
2.04819 0.413669
2.09639 0.410791
2.14458 0.405828
2.19277 0.398635
2.24096 0.389067
2.28916 0.37697
2.33735 0.362188
2.38554 0.344556
2.43373 0.323907
2.48193 0.300066
2.53012 0.272853
2.57831 0.242081
2.62651 0.207558
2.6747 0.169083
2.72289 0.12645
2.77108 0.0794454
2.81928 0.0278475
2.86747 -0.0285727
2.91566 -0.0900526
2.96386 -0.156838
3.01205 -0.229183
3.06024 -0.30735
3.10843 -0.391614
3.15663 -0.482257
3.20482 -0.579571
3.25301 -0.68386
3.3012 -0.795439
3.3494 -0.914633
3.39759 -1.04178
3.44578 -1.17723
3.49398 -1.32135
3.54217 -1.47452
3.59036 -1.63712
3.63855 -1.80956
3.68675 -1.99226
3.73494 -2.18566
3.78313 -2.39022
3.83133 -2.6064
3.87952 -2.83469
3.92771 -3.07561
3.9759 -3.32967
4.0241 -3.59743
4.07229 -3.87946
4.12048 -4.17635
4.16867 -4.48872
4.21687 -4.8172
4.26506 -5.16247
4.31325 -5.49966
4.36145 -5.78737
4.40964 -6.05266
4.45783 -6.30297
4.50602 -6.54194
4.55422 -6.77177
4.60241 -6.99396
4.6506 -7.20963
4.6988 -7.4196
4.74699 -7.62454
4.79518 -7.82499
4.84337 -8.02138
4.89157 -8.21409
4.93976 -8.40343
4.98795 -8.58969
5.03614 -8.77308
5.08434 -8.95383
5.13253 -9.13211
5.18072 -9.30809
5.22892 -9.48192
5.27711 -9.65372
5.3253 -9.82361
5.37349 -9.99171
5.42169 -10.1581
5.46988 -10.3229
5.51807 -10.4862
5.56627 -10.648
5.61446 -10.8084
5.66265 -10.9675
5.71084 -11.1254
5.75904 -11.282
5.80723 -11.4375
5.85542 -11.5919
5.90361 -11.7452
5.95181 -11.8976
6 -12.0489
