-6 24.5885
-5.9 23.7757
-5.8 22.9765
-5.7 22.1911
-5.6 21.4193
-5.5 20.6611
-5.4 19.9167
-5.3 19.1858
-5.2 18.4687
-5.1 17.7652
-5 17.0753
-4.9 16.3991
-4.8 15.7366
-4.7 15.0878
-4.6 14.4525
-4.5 13.831
-4.4 13.2231
-4.3 12.6289
-4.2 12.0483
-4.1 11.4814
-4 10.9282
-3.9 10.3886
-3.8 9.8627
-3.7 9.35044
-3.6 8.85184
-3.5 8.36691
-3.4 7.89563
-3.3 7.43801
-3.2 6.99405
-3.1 6.56375
-3 6.14711
-2.9 5.74414
-2.8 5.35482
-2.7 4.97916
-2.6 4.61717
-2.5 4.26883
-2.4 3.93415
-2.3 3.61314
-2.2 3.30578
-2.1 3.01209
-2 2.73205
-1.9 2.46568
-1.8 2.21296
-1.7 1.97391
-1.6 1.74851
-1.5 1.53678
-1.4 1.3387
-1.3 1.15429
-1.2 0.983538
-1.1 0.826445
-1 0.683013
-0.9 0.55324
-0.8 0.437128
-0.7 0.334676
-0.6 0.245885
-0.5 0.170753
-0.4 0.109282
-0.3 0.0614711
-0.2 0.0273205
-0.1 0.00683013
0 0
0.1 0.00683013
0.2 0.0273205
0.3 0.0614711
0.4 0.109282
0.5 0.170753
0.6 0.245885
0.7 0.334676
0.8 0.437128
0.9 0.55324
1 0.683013
1.1 0.826445
1.2 0.983538
1.3 1.15429
1.4 1.3387
1.5 1.53678
1.6 1.74851
1.7 1.97391
1.8 2.21296
1.9 2.46568
2 2.73205
2.1 3.01209
2.2 3.30578
2.3 3.61314
2.4 3.93415
2.5 4.26883
2.6 4.61717
2.7 4.97916
2.8 5.35482
2.9 5.74414
3 6.14711
3.1 6.56375
3.2 6.99405
3.3 7.43801
3.4 7.89563
3.5 8.36691
3.6 8.85184
3.7 9.35044
3.8 9.8627
3.9 10.3886
4 10.9282
4.1 11.4814
4.2 12.0483
4.3 12.6289
4.4 13.2231
4.5 13.831
4.6 14.4525
4.7 15.0878
4.8 15.7366
4.9 16.3991
5 17.0753
5.1 17.7652
5.2 18.4687
5.3 19.1858
5.4 19.9167
5.5 20.6611
5.6 21.4193
5.7 22.1911
5.8 22.9765
5.9 23.7757
6 24.5885
