-6 3.4816
-5.9 3.01783
-5.8 2.60918
-5.7 2.24991
-5.6 1.93481
-5.5 1.65912
-5.4 1.41853
-5.3 1.20913
-5.2 1.02738
-5.1 0.870064
-5 0.734312
-4.9 0.617529
-4.8 0.517387
-4.7 0.431803
-4.6 0.358916
-4.5 0.297071
-4.4 0.244795
-4.3 0.200784
-4.2 0.163888
-4.1 0.13309
-4 0.107503
-3.9 0.086348
-3.8 0.0689459
-3.7 0.054708
-3.6 0.0431251
-3.5 0.0337584
-3.4 0.0262319
-3.3 0.0202245
-3.2 0.0154639
-3.1 0.0117198
-3 0.00879883
-2.9 0.00653969
-2.8 0.00480846
-2.7 0.00349486
-2.6 0.00250869
-2.5 0.00177676
-2.4 0.00124023
-2.3 0.000852168
-2.2 0.000575556
-2.1 0.0003815
-2 0.000247713
-1.9 0.000157229
-1.8 9.73147e-05
-1.7 5.85648e-05
-1.6 3.41531e-05
-1.5 1.92221e-05
-1.4 1.03901e-05
-1.3 5.36164e-06
-1.2 2.62188e-06
-1.1 1.20367e-06
-1 5.12592e-07
-0.9 1.99314e-07
-0.8 6.92651e-08
-0.7 2.08778e-08
-0.6 5.22378e-09
-0.5 1.01362e-09
-0.4 1.36109e-10
-0.3 1.02169e-11
-0.2 2.65437e-13
-0.1 7.30319e-16
0 0
0.1 1.01308e-15
0.2 2.61718e-13
0.3 9.98005e-12
0.4 1.3184e-10
0.5 9.72762e-10
0.6 4.96246e-09
0.7 1.96116e-08
0.8 6.42559e-08
0.9 1.82335e-07
1 4.61657e-07
1.1 1.06527e-06
1.2 2.27538e-06
1.3 4.55224e-06
1.4 8.6083e-06
1.5 1.54966e-05
1.6 2.6709e-05
1.7 4.42762e-05
1.8 7.0858e-05
1.9 0.000109806
2 0.000165176
2.1 0.00024166
2.2 0.000344404
2.3 0.000478669
2.4 0.00064929
2.5 0.000859874
2.6 0.0011117
2.7 0.00140221
2.8 0.00172313
2.9 0.00205804
3 0.0023794
3.1 0.00264494
3.2 0.00279341
3.3 0.00273952
3.4 0.00236812
3.5 0.00152746
3.6 2.16085e-05
3.7 0.00239818
3.8 0.00604311
3.9 0.0112976
4 0.0186311
4.1 0.0286112
4.2 0.0419181
4.3 0.0593599
4.4 0.0818901
4.5 0.110625
4.6 0.146866
4.7 0.192119
4.8 0.248115
4.9 0.316842
5 0.400564
5.1 0.501855
5.2 0.623625
5.3 0.769155
5.4 0.942127
5.5 1.14667
5.6 1.38738
5.7 1.66937
5.8 1.99835
5.9 2.38058
6 2.82303
