-6 32.4121
-5.9 30.7871
-5.8 29.2178
-5.7 27.7032
-5.6 26.2424
-5.5 24.8342
-5.4 23.4779
-5.3 22.1723
-5.2 20.9164
-5.1 19.7093
-5 18.55
-4.9 17.4376
-4.8 16.3709
-4.7 15.3491
-4.6 14.3711
-4.5 13.436
-4.4 12.5427
-4.3 11.6904
-4.2 10.8779
-4.1 10.1044
-4 9.36886
-3.9 8.67026
-3.8 8.00766
-3.7 7.38006
-3.6 6.7865
-3.5 6.226
-3.4 5.69758
-3.3 5.20027
-3.2 4.7331
-3.1 4.29509
-3 3.88528
-2.9 3.5027
-2.8 3.14638
-2.7 2.81536
-2.6 2.50868
-2.5 2.22537
-2.4 1.96449
-2.3 1.72507
-2.2 1.50616
-2.1 1.30681
-2 1.12607
-1.9 0.963005
-1.8 0.816668
-1.7 0.686124
-1.6 0.57044
-1.5 0.468687
-1.4 0.379941
-1.3 0.303282
-1.2 0.237796
-1.1 0.182576
-1 0.136719
-0.9 0.0993285
-0.8 0.0695166
-0.7 0.0464022
-0.6 0.0291121
-0.5 0.0167825
-0.4 0.00855852
-0.3 0.00359585
-0.2 0.00106094
-0.1 0.000132039
0 0
0.1 0.000130836
0.2 0.00104168
0.3 0.00349834
0.4 0.00825015
0.5 0.016029
0.6 0.0275482
0.7 0.0435015
0.8 0.0645619
0.9 0.0913806
1 0.124586
1.1 0.164783
1.2 0.212552
1.3 0.268447
1.4 0.332996
1.5 0.406701
1.6 0.490036
1.7 0.583447
1.8 0.687354
1.9 0.802148
2 0.928192
2.1 1.06582
2.2 1.21535
2.3 1.37706
2.4 1.55121
2.5 1.73804
2.6 1.93776
2.7 2.15056
2.8 2.37661
2.9 2.61606
3 2.86906
3.1 3.13572
3.2 3.41613
3.3 3.71041
3.4 4.01861
3.5 4.34081
3.6 4.67707
3.7 5.02744
3.8 5.39194
3.9 5.77063
4 6.16352
4.1 6.57064
4.2 6.99199
4.3 7.42761
4.4 7.87749
4.5 8.34163
4.6 8.82005
4.7 9.31275
4.8 9.81971
4.9 10.3409
5 10.8764
5.1 11.4262
5.2 11.9902
5.3 12.5684
5.4 13.1609
5.5 13.7676
5.6 14.3885
5.7 15.0237
5.8 15.673
5.9 16.3365
6 17.0142
