-6 13.1769
-5.95181 12.9661
-5.90361 12.757
-5.85542 12.5495
-5.80723 12.3438
-5.75904 12.1398
-5.71084 11.9375
-5.66265 11.7368
-5.61446 11.5379
-5.56627 11.3407
-5.51807 11.1452
-5.46988 10.9513
-5.42169 10.7592
-5.37349 10.5688
-5.3253 10.3801
-5.27711 10.193
-5.22892 10.0077
-5.18072 9.82408
-5.13253 9.64216
-5.08434 9.46193
-5.03614 9.28341
-4.98795 9.10659
-4.93976 8.93147
-4.89157 8.75804
-4.84337 8.58632
-4.79518 8.4163
-4.74699 8.24798
-4.6988 8.08136
-4.6506 7.91644
-4.60241 7.75321
-4.55422 7.59169
-4.50602 7.43187
-4.45783 7.27375
-4.40964 7.11733
-4.36145 6.96261
-4.31325 6.80959
-4.26506 6.65827
-4.21687 6.50865
-4.16867 6.36073
-4.12048 6.21452
-4.07229 6.07
-4.0241 5.92718
-3.9759 5.78606
-3.92771 5.64664
-3.87952 5.50892
-3.83133 5.37291
-3.78313 5.23859
-3.73494 5.10597
-3.68675 4.97506
-3.63855 4.84584
-3.59036 4.71832
-3.54217 4.59251
-3.49398 4.46839
-3.44578 4.34597
-3.39759 4.22526
-3.3494 4.10624
-3.3012 3.98893
-3.25301 3.87331
-3.20482 3.7594
-3.15663 3.64718
-3.10843 3.53667
-3.06024 3.42786
-3.01205 3.32074
-2.96386 3.21533
-2.91566 3.11161
-2.86747 3.0096
-2.81928 2.90929
-2.77108 2.81068
-2.72289 2.71376
-2.6747 2.61855
-2.62651 2.52504
-2.57831 2.43323
-2.53012 2.34312
-2.48193 2.2547
-2.43373 2.16799
-2.38554 2.08298
-2.33735 1.99967
-2.28916 1.91806
-2.24096 1.83815
-2.19277 1.75994
-2.14458 1.68343
-2.09639 1.60862
-2.04819 1.53551
-2 1.4641
-1.95181 1.39439
-1.90361 1.32638
-1.85542 1.26008
-1.80723 1.19547
-1.75904 1.13256
-1.71084 1.07135
-1.66265 1.01184
-1.61446 0.954036
-1.56627 0.897928
-1.51807 0.843521
-1.46988 0.790815
-1.42169 0.739808
-1.37349 0.690502
-1.3253 0.642896
-1.27711 0.59699
-1.22892 0.552784
-1.18072 0.510278
-1.13253 0.469473
-1.08434 0.430368
-1.03614 0.392963
-0.987952 0.357259
-0.939759 0.323254
-0.891566 0.29095
-0.843373 0.260346
-0.795181 0.231442
-0.746988 0.204239
-0.698795 0.178736
-0.650602 0.154933
-0.60241 0.13283
-0.554217 0.112427
-0.506024 0.0937246
-0.457831 0.0767224
-0.409639 0.0614204
-0.361446 0.0478187
-0.313253 0.0359171
-0.26506 0.0257158
-0.216867 0.0172147
-0.168675 0.0104138
-0.120482 0.00531319
-0.0722892 0.00191275
-0.0240964 0.000212527
0.0240964 0.000212527
0.0722892 0.00191275
0.120482 0.00531319
0.168675 0.0104138
0.216867 0.0172147
0.26506 0.0257158
0.313253 0.0359171
0.361446 0.0478187
0.409639 0.0614204
0.457831 0.0767224
0.506024 0.0937246
0.554217 0.112427
0.60241 0.13283
0.650602 0.154933
0.698795 0.178736
0.746988 0.204239
0.795181 0.231442
0.843373 0.260346
0.891566 0.29095
0.939759 0.323254
0.987952 0.357259
1.03614 0.392963
1.08434 0.430368
1.13253 0.469473
1.18072 0.510278
1.22892 0.552784
1.27711 0.59699
1.3253 0.642896
1.37349 0.690502
1.42169 0.739808
1.46988 0.790815
1.51807 0.843521
1.56627 0.897928
1.61446 0.954036
1.66265 1.01184
1.71084 1.07135
1.75904 1.13256
1.80723 1.19547
1.85542 1.26008
1.90361 1.32638
1.95181 1.39439
2 1.4641
2.04819 1.53551
2.09639 1.60862
2.14458 1.68343
2.19277 1.75994
2.24096 1.83815
2.28916 1.91806
2.33735 1.99967
2.38554 2.08298
2.43373 2.16799
2.48193 2.2547
2.53012 2.34312
2.57831 2.43323
2.62651 2.52504
2.6747 2.61855
2.72289 2.71376
2.77108 2.81068
2.81928 2.90929
2.86747 3.0096
2.91566 3.11161
2.96386 3.21533
3.01205 3.32074
3.06024 3.42786
3.10843 3.53667
3.15663 3.64718
3.20482 3.7594
3.25301 3.87331
3.3012 3.98893
3.3494 4.10624
3.39759 4.22526
3.44578 4.34597
3.49398 4.46839
3.54217 4.59251
3.59036 4.71832
3.63855 4.84584
3.68675 4.97506
3.73494 5.10597
3.78313 5.23859
3.83133 5.37291
3.87952 5.50892
3.92771 5.64664
3.9759 5.78606
4.0241 5.92718
4.07229 6.07
4.12048 6.21452
4.16867 6.36073
4.21687 6.50865
4.26506 6.65827
4.31325 6.80959
4.36145 6.96261
4.40964 7.11733
4.45783 7.27375
4.50602 7.43187
4.55422 7.59169
4.60241 7.75321
4.6506 7.91644
4.6988 8.08136
4.74699 8.24798
4.79518 8.4163
4.84337 8.58632
4.89157 8.75804
4.93976 8.93147
4.98795 9.10659
5.03614 9.28341
5.08434 9.46193
5.13253 9.64216
5.18072 9.82408
5.22892 10.0077
5.27711 10.193
5.3253 10.3801
5.37349 10.5688
5.42169 10.7592
5.46988 10.9513
5.51807 11.1452
5.56627 11.3407
5.61446 11.5379
5.66265 11.7368
5.71084 11.9375
5.75904 12.1398
5.80723 12.3438
5.85542 12.5495
5.90361 12.757
5.95181 12.9661
6 13.1769
