-6 -3247.07
-5.95181 -3045.94
-5.90361 -2855.52
-5.85542 -2675.34
-5.80723 -2504.92
-5.75904 -2343.83
-5.71084 -2191.62
-5.66265 -2047.89
-5.61446 -1912.23
-5.56627 -1784.27
-5.51807 -1663.62
-5.46988 -1549.94
-5.42169 -1442.9
-5.37349 -1342.15
-5.3253 -1247.4
-5.27711 -1158.33
-5.22892 -1074.67
-5.18072 -996.128
-5.13253 -922.452
-5.08434 -853.384
-5.03614 -788.683
-4.98795 -728.117
-4.93976 -671.464
-4.89157 -618.512
-4.84337 -569.06
-4.79518 -522.913
-4.74699 -479.887
-4.6988 -439.806
-4.6506 -402.503
-4.60241 -367.815
-4.55422 -335.593
-4.50602 -305.689
-4.45783 -277.965
-4.40964 -252.291
-4.36145 -228.54
-4.31325 -206.595
-4.26506 -186.342
-4.21687 -167.673
-4.16867 -150.488
-4.12048 -134.69
-4.07229 -120.188
-4.0241 -106.895
-3.9759 -94.7302
-3.92771 -83.6154
-3.87952 -73.478
-3.83133 -64.2491
-3.78313 -55.8636
-3.73494 -48.2604
-3.68675 -41.3817
-3.63855 -35.1732
-3.59036 -29.584
-3.54217 -24.5661
-3.49398 -20.0745
-3.44578 -16.0671
-3.39759 -12.5042
-3.3494 -9.34906
-3.3012 -6.56701
-3.25301 -4.12584
-3.20482 -1.99546
-3.15663 -0.147857
-3.10843 1.44303
-3.06024 2.80141
-3.01205 3.94976
-2.96386 4.9089
-2.91566 5.69807
-2.86747 6.33508
-2.81928 6.83633
-2.77108 7.21693
-2.72289 7.49074
-2.6747 7.67052
-2.62651 7.7679
-2.57831 7.79355
-2.53012 7.75715
-2.48193 7.66754
-2.43373 7.53271
-2.38554 7.35989
-2.33735 7.1556
-2.28916 6.92571
-2.24096 6.67545
-2.19277 6.40951
-2.14458 6.13203
-2.09639 5.8467
-2.04819 5.55674
-2 5.26497
-1.95181 4.97384
-1.90361 4.68544
-1.85542 4.40159
-1.80723 4.1238
-1.75904 3.85333
-1.71084 3.5912
-1.66265 3.33825
-1.61446 3.09512
-1.56627 2.86228
-1.51807 2.64007
-1.46988 2.42869
-1.42169 2.22824
-1.37349 2.0387
-1.3253 1.86001
-1.27711 1.69199
-1.22892 1.53443
-1.18072 1.38707
-1.13253 1.2496
-1.08434 1.12169
-1.03614 1.00296
-0.987952 0.893063
-0.939759 0.791593
-0.891566 0.698163
-0.843373 0.612381
-0.795181 0.533857
-0.746988 0.46221
-0.698795 0.397068
-0.650602 0.338072
-0.60241 0.28488
-0.554217 0.237164
-0.506024 0.194616
-0.457831 0.156946
-0.409639 0.123887
-0.361446 0.0951918
-0.313253 0.0706341
-0.26506 0.0500111
-0.216867 0.0331422
-0.168675 0.0198695
-0.120482 0.0100582
-0.0722892 0.00359688
-0.0240964 0.000397479
0.0240964 0.000395811
0.0722892 0.0035519
0.120482 0.00985047
0.168675 0.0193016
0.216867 0.0319415
0.26506 0.0478335
0.313253 0.0670694
0.361446 0.0897703
0.409639 0.116089
0.457831 0.146212
0.506024 0.18036
0.554217 0.218793
0.60241 0.261811
0.650602 0.309759
0.698795 0.363028
0.746988 0.422061
0.795181 0.487356
0.843373 0.559472
0.891566 0.639032
0.939759 0.726728
0.987952 0.823331
1.03614 0.929691
1.08434 1.04675
1.13253 1.17554
1.18072 1.3172
1.22892 1.47297
1.27711 1.64423
1.3253 1.83247
1.37349 2.03931
1.42169 2.26653
1.46988 2.51605
1.51807 2.78998
1.56627 3.09057
1.61446 3.42027
1.66265 3.78175
1.71084 4.17784
1.75904 4.61164
1.80723 5.08645
1.85542 5.60581
1.90361 6.17353
1.95181 6.7937
2 7.47067
2.04819 8.20908
2.09639 9.01391
2.14458 9.89043
2.19277 10.8443
2.24096 11.8814
2.28916 13.0081
2.33735 14.2311
2.38554 15.5576
2.43373 16.9949
2.48193 18.5511
2.53012 20.2345
2.57831 22.0538
2.62651 24.0185
2.6747 26.138
2.72289 28.4228
2.77108 30.8835
2.81928 33.5313
2.86747 36.378
2.91566 39.4358
2.96386 42.7177
3.01205 46.237
3.06024 50.0076
3.10843 54.0441
3.15663 58.3617
3.20482 62.976
3.25301 67.9034
3.3012 73.1608
3.3494 78.7657
3.39759 84.7365
3.44578 91.0918
3.49398 97.8512
3.54217 105.035
3.59036 112.663
3.63855 120.757
3.68675 129.34
3.73494 138.434
3.78313 148.061
3.83133 158.246
3.87952 169.014
3.92771 180.39
3.9759 192.398
4.0241 205.067
4.07229 218.421
4.12048 232.49
4.16867 247.301
4.21687 262.882
4.26506 279.262
4.31325 296.472
4.36145 314.541
4.40964 333.499
4.45783 353.377
4.50602 374.207
4.55422 396.019
4.60241 418.847
4.6506 442.721
4.6988 467.675
4.74699 493.74
4.79518 520.95
4.84337 549.337
4.89157 578.934
4.93976 609.773
4.98795 641.887
5.03614 675.309
5.08434 710.07
5.13253 746.203
5.18072 783.738
5.22892 822.708
5.27711 863.143
5.3253 905.072
5.37349 948.524
5.42169 993.529
5.46988 1040.11
5.51807 1088.3
5.56627 1138.12
5.61446 1189.6
5.66265 1242.76
5.71084 1297.61
5.75904 1354.18
5.80723 1412.49
5.85542 1472.55
5.90361 1534.38
5.95181 1597.99
6 1663.39
