-6 12.5663
-5.95181 12.4039
-5.90361 12.2395
-5.85542 12.0735
-5.80723 11.9059
-5.75904 11.737
-5.71084 11.5669
-5.66265 11.3958
-5.61446 11.2239
-5.56627 11.0512
-5.51807 10.878
-5.46988 10.7044
-5.42169 10.5306
-5.37349 10.3565
-5.3253 10.1824
-5.27711 10.0084
-5.22892 9.83458
-5.18072 9.66103
-5.13253 9.48787
-5.08434 9.31517
-5.03614 9.14305
-4.98795 8.97156
-4.93976 8.80081
-4.89157 8.63086
-4.84337 8.46178
-4.79518 8.29365
-4.74699 8.12652
-4.6988 7.96046
-4.6506 7.79552
-4.60241 7.63177
-4.55422 7.46925
-4.50602 7.30801
-4.45783 7.1481
-4.40964 6.98956
-4.36145 6.83243
-4.31325 6.67675
-4.26506 6.52256
-4.21687 6.3699
-4.16867 6.21878
-4.12048 6.06925
-4.07229 5.92134
-4.0241 5.77506
-3.9759 5.63045
-3.92771 5.48753
-3.87952 5.34631
-3.83133 5.20683
-3.78313 5.0691
-3.73494 4.93313
-3.68675 4.79895
-3.63855 4.66657
-3.59036 4.536
-3.54217 4.40725
-3.49398 4.28035
-3.44578 4.15529
-3.39759 4.03209
-3.3494 3.91076
-3.3012 3.79131
-3.25301 3.67374
-3.20482 3.55807
-3.15663 3.44429
-3.10843 3.33241
-3.06024 3.22244
-3.01205 3.11439
-2.96386 3.00825
-2.91566 2.90403
-2.86747 2.80173
-2.81928 2.70135
-2.77108 2.60289
-2.72289 2.50636
-2.6747 2.41176
-2.62651 2.31908
-2.57831 2.22832
-2.53012 2.13949
-2.48193 2.05258
-2.43373 1.96759
-2.38554 1.88452
-2.33735 1.80336
-2.28916 1.72412
-2.24096 1.64678
-2.19277 1.57135
-2.14458 1.49781
-2.09639 1.42618
-2.04819 1.35643
-2 1.28857
-1.95181 1.22259
-1.90361 1.15848
-1.85542 1.09623
-1.80723 1.03585
-1.75904 0.977317
-1.71084 0.920629
-1.66265 0.865775
-1.61446 0.812749
-1.56627 0.76154
-1.51807 0.712139
-1.46988 0.664536
-1.42169 0.61872
-1.37349 0.57468
-1.3253 0.532405
-1.27711 0.491883
-1.22892 0.453101
-1.18072 0.416047
-1.13253 0.380706
-1.08434 0.347065
-1.03614 0.315108
-0.987952 0.284821
-0.939759 0.256188
-0.891566 0.229191
-0.843373 0.203815
-0.795181 0.18004
-0.746988 0.15785
-0.698795 0.137224
-0.650602 0.118142
-0.60241 0.100584
-0.554217 0.0845292
-0.506024 0.0699545
-0.457831 0.0568373
-0.409639 0.0451536
-0.361446 0.034879
-0.313253 0.0259877
-0.26506 0.0184536
-0.216867 0.012249
-0.168675 0.0073458
-0.120482 0.0037146
-0.0722892 0.00132508
-0.0240964 0.000145856
0.0240964 0.000144456
0.0722892 0.0012873
0.120482 0.00353966
0.168675 0.0068656
0.216867 0.011228
0.26506 0.0165884
0.313253 0.0229072
0.361446 0.0301433
0.409639 0.0382543
0.457831 0.0471963
0.506024 0.056924
0.554217 0.0673906
0.60241 0.0785477
0.650602 0.0903453
0.698795 0.102732
0.746988 0.115653
0.795181 0.129055
0.843373 0.14288
0.891566 0.15707
0.939759 0.171563
0.987952 0.186297
1.03614 0.201206
1.08434 0.216224
1.13253 0.231281
1.18072 0.246306
1.22892 0.261225
1.27711 0.275962
1.3253 0.290436
1.37349 0.304568
1.42169 0.318273
1.46988 0.331464
1.51807 0.344051
1.56627 0.355941
1.61446 0.367039
1.66265 0.377245
1.71084 0.386457
1.75904 0.39457
1.80723 0.401474
1.85542 0.407057
1.90361 0.411202
1.95181 0.41379
2 0.414695
2.04819 0.413789
2.09639 0.410941
2.14458 0.406012
2.19277 0.398863
2.24096 0.389345
2.28916 0.377309
2.33735 0.362599
2.38554 0.345054
2.43373 0.324507
2.48193 0.300786
2.53012 0.273715
2.57831 0.24311
2.62651 0.208781
2.6747 0.170534
2.72289 0.128166
2.77108 0.0814686
2.81928 0.0302268
2.86747 -0.0257819
2.91566 -0.0867872
2.96386 -0.153026
3.01205 -0.224744
3.06024 -0.302193
3.10843 -0.385635
3.15663 -0.475339
3.20482 -0.571584
3.25301 -0.674657
3.3012 -0.784854
3.3494 -0.902483
3.39759 -1.02786
3.44578 -1.16131
3.49398 -1.30317
3.54217 -1.45379
3.59036 -1.61352
3.63855 -1.78274
3.68675 -1.96184
3.73494 -2.15119
3.78313 -2.35122
3.83133 -2.56234
3.87952 -2.78498
3.92771 -3.01959
3.9759 -3.26663
4.0241 -3.52658
4.07229 -3.79993
4.12048 -4.08718
4.16867 -4.38885
4.21687 -4.70549
4.26506 -5.03764
4.31325 -5.38588
4.36145 -5.7508
4.40964 -6.133
4.45783 -6.53312
4.50602 -6.95179
4.55422 -7.38968
4.60241 -7.84748
4.6506 -8.32589
4.6988 -8.82564
4.74699 -9.34748
4.79518 -9.89219
4.84337 -10.4605
4.89157 -11.0534
4.93976 -11.6715
4.98795 -12.3159
5.03614 -12.9873
5.08434 -13.6867
5.13253 -14.4151
5.18072 -15.1734
5.22892 -15.9627
5.27711 -16.7839
5.3253 -17.6381
5.37349 -18.5265
5.42169 -19.4501
5.46988 -20.4101
5.51807 -21.4077
5.56627 -22.4441
5.61446 -23.5206
5.66265 -24.6385
5.71084 -25.7991
5.75904 -27.0038
5.80723 -28.254
5.85542 -29.5511
5.90361 -30.8966
5.95181 -32.2921
6 -33.7392
