-6 9.01278
-5.95181 8.79738
-5.90361 8.5871
-5.85542 8.38183
-5.80723 8.18146
-5.75904 7.98589
-5.71084 7.795
-5.66265 7.60871
-5.61446 7.42689
-5.56627 7.24947
-5.51807 7.07632
-5.46988 6.90736
-5.42169 6.74249
-5.37349 6.58162
-5.3253 6.42464
-5.27711 6.27147
-5.22892 6.12201
-5.18072 5.97618
-5.13253 5.83388
-5.08434 5.69503
-5.03614 5.55954
-4.98795 5.42732
-4.93976 5.2983
-4.89157 5.17238
-4.84337 5.0495
-4.79518 4.92956
-4.74699 4.81249
-4.6988 4.69822
-4.6506 4.58667
-4.60241 4.47775
-4.55422 4.37141
-4.50602 4.26757
-4.45783 4.16615
-4.40964 4.06709
-4.36145 3.97032
-4.31325 3.87578
-4.26506 3.78339
-4.21687 3.6931
-4.16867 3.60485
-4.12048 3.51856
-4.07229 3.43419
-4.0241 3.35167
-3.9759 3.27095
-3.92771 3.19196
-3.87952 3.11467
-3.83133 3.039
-3.78313 2.96492
-3.73494 2.89236
-3.68675 2.82129
-3.63855 2.75165
-3.59036 2.68339
-3.54217 2.61648
-3.49398 2.55086
-3.44578 2.4865
-3.39759 2.42335
-3.3494 2.36138
-3.3012 2.30054
-3.25301 2.24079
-3.20482 2.18211
-3.15663 2.12446
-3.10843 2.0678
-3.06024 2.0121
-3.01205 1.95733
-2.96386 1.90346
-2.91566 1.85047
-2.86747 1.79832
-2.81928 1.74699
-2.77108 1.69647
-2.72289 1.64671
-2.6747 1.59771
-2.62651 1.54945
-2.57831 1.50189
-2.53012 1.45504
-2.48193 1.40886
-2.43373 1.36336
-2.38554 1.3185
-2.33735 1.27429
-2.28916 1.2307
-2.24096 1.18774
-2.19277 1.14539
-2.14458 1.10365
-2.09639 1.0625
-2.04819 1.02195
-2 0.981999
-1.95181 0.942636
-1.90361 0.903865
-1.85542 0.865687
-1.80723 0.828104
-1.75904 0.791121
-1.71084 0.754742
-1.66265 0.718974
-1.61446 0.683824
-1.56627 0.649303
-1.51807 0.615419
-1.46988 0.582186
-1.42169 0.549616
-1.37349 0.517723
-1.3253 0.486524
-1.27711 0.456036
-1.22892 0.426276
-1.18072 0.397265
-1.13253 0.369024
-1.08434 0.341574
-1.03614 0.314941
-0.987952 0.289149
-0.939759 0.264223
-0.891566 0.240193
-0.843373 0.217087
-0.795181 0.194935
-0.746988 0.173769
-0.698795 0.153623
-0.650602 0.134529
-0.60241 0.116525
-0.554217 0.0996467
-0.506024 0.0839328
-0.457831 0.0694229
-0.409639 0.0561579
-0.361446 0.0441803
-0.313253 0.0335335
-0.26506 0.0242626
-0.216867 0.0164137
-0.168675 0.0100346
-0.120482 0.00517411
-0.0722892 0.00188252
-0.0240964 0.000211401
0.0240964 0.000213661
0.0722892 0.00194353
0.120482 0.00545658
0.168675 0.0108097
0.216867 0.0180611
0.26506 0.0272702
0.313253 0.0384981
0.361446 0.0518068
0.409639 0.06726
0.457831 0.0849223
0.506024 0.10486
0.554217 0.127141
0.60241 0.151833
0.650602 0.179007
0.698795 0.208735
0.746988 0.241089
0.795181 0.276143
0.843373 0.313973
0.891566 0.354655
0.939759 0.398268
0.987952 0.444891
1.03614 0.494605
1.08434 0.547492
1.13253 0.603635
1.18072 0.663119
1.22892 0.72603
1.27711 0.792456
1.3253 0.862486
1.37349 0.936208
1.42169 1.01372
1.46988 1.0951
1.51807 1.18046
1.56627 1.26988
1.61446 1.36347
1.66265 1.46131
1.71084 1.56352
1.75904 1.67019
1.80723 1.78142
1.85542 1.89733
1.90361 2.018
1.95181 2.14355
2 2.27408
2.04819 2.40971
2.09639 2.55054
2.14458 2.69668
2.19277 2.84825
2.24096 3.00536
2.28916 3.16813
2.33735 3.33668
2.38554 3.51111
2.43373 3.69155
2.48193 3.87812
2.53012 4.07095
2.57831 4.27015
2.62651 4.47585
2.6747 4.68818
2.72289 4.90726
2.77108 5.13322
2.81928 5.36619
2.86747 5.60631
2.91566 5.8537
2.96386 6.1085
3.01205 6.37085
3.06024 6.64087
3.10843 6.91872
3.15663 7.20452
3.20482 7.49842
3.25301 7.80056
3.3012 8.11108
3.3494 8.43013
3.39759 8.75785
3.44578 9.0944
3.49398 9.43991
3.54217 9.79454
3.59036 10.1584
3.63855 10.5318
3.68675 10.9147
3.73494 11.3073
3.78313 11.7098
3.83133 12.1224
3.87952 12.5451
3.92771 12.9782
3.9759 13.4219
4.0241 13.8762
4.07229 14.3414
4.12048 14.8177
4.16867 15.3051
4.21687 15.8038
4.26506 16.3141
4.31325 16.8361
4.36145 17.3699
4.40964 17.9158
4.45783 18.4739
4.50602 19.0443
4.55422 19.6274
4.60241 20.2232
4.6506 20.8319
4.6988 21.4538
4.74699 22.0889
4.79518 22.7375
4.84337 23.3998
4.89157 24.0759
4.93976 24.7661
4.98795 25.4705
5.03614 26.1893
5.08434 26.9227
5.13253 27.6709
5.18072 28.4341
5.22892 29.2126
5.27711 30.0064
5.3253 30.8158
5.37349 31.641
5.42169 32.4821
5.46988 33.3395
5.51807 34.2133
5.56627 35.1037
5.61446 36.0109
5.66265 36.9351
5.71084 37.8765
5.75904 38.8354
5.80723 39.812
5.85542 40.8064
5.90361 41.8189
5.95181 42.8496
6 43.8989
