-6 -43.3736
-5.95181 -41.5087
-5.90361 -39.6973
-5.85542 -37.9383
-5.80723 -36.231
-5.75904 -34.5742
-5.71084 -32.9672
-5.66265 -31.4089
-5.61446 -29.8986
-5.56627 -28.4351
-5.51807 -27.0178
-5.46988 -25.6456
-5.42169 -24.3177
-5.37349 -23.0333
-5.3253 -21.7914
-5.27711 -20.5912
-5.22892 -19.4319
-5.18072 -18.3126
-5.13253 -17.2325
-5.08434 -16.1907
-5.03614 -15.1865
-4.98795 -14.219
-4.93976 -13.2874
-4.89157 -12.391
-4.84337 -11.529
-4.79518 -10.7005
-4.74699 -9.9049
-4.6988 -9.14132
-4.6506 -8.40905
-4.60241 -7.70734
-4.55422 -7.03546
-4.50602 -6.39268
-4.45783 -5.77828
-4.40964 -5.19156
-4.36145 -4.6318
-4.31325 -4.09832
-4.26506 -3.59043
-4.21687 -3.10744
-4.16867 -2.64869
-4.12048 -2.21352
-4.07229 -1.80127
-4.0241 -1.41129
-3.9759 -1.04295
-3.92771 -0.695616
-3.87952 -0.368666
-3.83133 -0.061486
-3.78313 0.22653
-3.73494 0.495981
-3.68675 0.747455
-3.63855 0.981534
-3.59036 1.19879
-3.54217 1.3998
-3.49398 1.5851
-3.44578 1.75526
-3.39759 1.91081
-3.3494 2.05229
-3.3012 2.18022
-3.25301 2.29512
-3.20482 2.39749
-3.15663 2.48785
-3.10843 2.56668
-3.06024 2.63446
-3.01205 2.69168
-2.96386 2.7388
-2.91566 2.77628
-2.86747 2.80458
-2.81928 2.82414
-2.77108 2.8354
-2.72289 2.83878
-2.6747 2.8347
-2.62651 2.82358
-2.57831 2.80583
-2.53012 2.78183
-2.48193 2.75197
-2.43373 2.71665
-2.38554 2.67621
-2.33735 2.63104
-2.28916 2.58149
-2.24096 2.5279
-2.19277 2.47061
-2.14458 2.40996
-2.09639 2.34626
-2.04819 2.27984
-2 2.211
-1.95181 2.14004
-1.90361 2.06725
-1.85542 1.99291
-1.80723 1.91731
-1.75904 1.84069
-1.71084 1.76334
-1.66265 1.68548
-1.61446 1.60738
-1.56627 1.52926
-1.51807 1.45134
-1.46988 1.37385
-1.42169 1.297
-1.37349 1.22099
-1.3253 1.14601
-1.27711 1.07226
-1.22892 0.999895
-1.18072 0.929103
-1.13253 0.860039
-1.08434 0.792859
-1.03614 0.727707
-0.987952 0.664722
-0.939759 0.604033
-0.891566 0.545762
-0.843373 0.490021
-0.795181 0.436916
-0.746988 0.386545
-0.698795 0.338996
-0.650602 0.294351
-0.60241 0.252683
-0.554217 0.214056
-0.506024 0.178528
-0.457831 0.146147
-0.409639 0.116954
-0.361446 0.0909816
-0.313253 0.0682544
-0.26506 0.0487888
-0.216867 0.0325933
-0.168675 0.0196681
-0.120482 0.0100057
-0.0722892 0.00359005
-0.0240964 0.000397395
0.0240964 0.000395726
0.0722892 0.00354501
0.120482 0.00979712
0.168675 0.0190959
0.216867 0.031377
0.26506 0.0465682
0.313253 0.0645889
0.361446 0.0853508
0.409639 0.108757
0.457831 0.134704
0.506024 0.163077
0.554217 0.193757
0.60241 0.226615
0.650602 0.261513
0.698795 0.298306
0.746988 0.336842
0.795181 0.37696
0.843373 0.418489
0.891566 0.461253
0.939759 0.505066
0.987952 0.549736
1.03614 0.595059
1.08434 0.640827
1.13253 0.686823
1.18072 0.732819
1.22892 0.778583
1.27711 0.823872
1.3253 0.868436
1.37349 0.912018
1.42169 0.954351
1.46988 0.995162
1.51807 1.03417
1.56627 1.07108
1.61446 1.10559
1.66265 1.1374
1.71084 1.1662
1.75904 1.19166
1.80723 1.21346
1.85542 1.23124
1.90361 1.24467
1.95181 1.25339
2 1.25704
2.04819 1.25524
2.09639 1.24763
2.14458 1.2338
2.19277 1.21336
2.24096 1.18592
2.28916 1.15106
2.33735 1.10835
2.38554 1.05738
2.43373 0.997708
2.48193 0.928886
2.53012 0.850466
2.57831 0.761986
2.62651 0.662979
2.6747 0.552969
2.72289 0.431471
2.77108 0.297994
2.81928 0.152037
2.86747 -0.00690882
2.91566 -0.179359
2.96386 -0.365839
3.01205 -0.566881
3.06024 -0.783026
3.10843 -1.01482
3.15663 -1.26283
3.20482 -1.52761
3.25301 -1.80973
3.3012 -2.10978
3.3494 -2.42835
3.39759 -2.76604
3.44578 -3.12344
3.49398 -3.50117
3.54217 -3.89986
3.59036 -4.32013
3.63855 -4.76263
3.68675 -5.22799
3.73494 -5.71687
3.78313 -6.22994
3.83133 -6.76785
3.87952 -7.3313
3.92771 -7.92096
3.9759 -8.53754
4.0241 -9.18173
4.07229 -9.85424
4.12048 -10.5558
4.16867 -11.2871
4.21687 -12.0489
4.26506 -12.842
4.31325 -13.6671
4.36145 -14.5249
4.40964 -15.4162
4.45783 -16.3419
4.50602 -17.3026
4.55422 -18.2992
4.60241 -19.3324
4.6506 -20.4032
4.6988 -21.5122
4.74699 -22.6603
4.79518 -23.8484
4.84337 -25.0773
4.89157 -26.3478
4.93976 -27.6608
4.98795 -29.0171
5.03614 -30.4177
5.08434 -31.8634
5.13253 -33.3551
5.18072 -34.8936
5.22892 -36.48
5.27711 -38.115
5.3253 -39.7997
5.37349 -41.5349
5.42169 -43.3217
5.46988 -45.1608
5.51807 -47.0534
5.56627 -49.0003
5.61446 -51.0025
5.66265 -53.061
5.71084 -55.1768
5.75904 -57.3509
5.80723 -59.5842
5.85542 -61.8778
5.90361 -64.2327
5.95181 -66.6499
6 -69.1305
