-6 -2.33757e+111
-5.95181 -2.22715e+111
-5.90361 -2.12112e+111
-5.85542 -2.01932e+111
-5.80723 -1.92163e+111
-5.75904 -1.82791e+111
-5.71084 -1.73804e+111
-5.66265 -1.65187e+111
-5.61446 -1.56929e+111
-5.56627 -1.49019e+111
-5.51807 -1.41443e+111
-5.46988 -1.34191e+111
-5.42169 -1.27252e+111
-5.37349 -1.20614e+111
-5.3253 -1.14267e+111
-5.27711 -1.08201e+111
-5.22892 -1.02406e+111
-5.18072 -9.68722e+110
-5.13253 -9.15896e+110
-5.08434 -8.65493e+110
-5.03614 -8.17422e+110
-4.98795 -7.71597e+110
-4.93976 -7.27934e+110
-4.89157 -6.86349e+110
-4.84337 -6.46763e+110
-4.79518 -6.09098e+110
-4.74699 -5.73279e+110
-4.6988 -5.39233e+110
-4.6506 -5.06888e+110
-4.60241 -4.76177e+110
-4.55422 -4.47033e+110
-4.50602 -4.1939e+110
-4.45783 -3.93187e+110
-4.40964 -3.68362e+110
-4.36145 -3.44858e+110
-4.31325 -3.22617e+110
-4.26506 -3.01584e+110
-4.21687 -2.81707e+110
-4.16867 -2.62933e+110
-4.12048 -2.45214e+110
-4.07229 -2.28501e+110
-4.0241 -2.12749e+110
-3.9759 -1.97912e+110
-3.92771 -1.83948e+110
-3.87952 -1.70814e+110
-3.83133 -1.58472e+110
-3.78313 -1.46881e+110
-3.73494 -1.36006e+110
-3.68675 -1.25811e+110
-3.63855 -1.1626e+110
-3.59036 -1.07321e+110
-3.54217 -9.89629e+109
-3.49398 -9.11542e+109
-3.44578 -8.38658e+109
-3.39759 -7.70696e+109
-3.3494 -7.07387e+109
-3.3012 -6.48473e+109
-3.25301 -5.93706e+109
-3.20482 -5.42848e+109
-3.15663 -4.95674e+109
-3.10843 -4.51967e+109
-3.06024 -4.1152e+109
-3.01205 -3.74135e+109
-2.96386 -3.39625e+109
-2.91566 -3.07809e+109
-2.86747 -2.78516e+109
-2.81928 -2.51584e+109
-2.77108 -2.26859e+109
-2.72289 -2.04192e+109
-2.6747 -1.83445e+109
-2.62651 -1.64485e+109
-2.57831 -1.47188e+109
-2.53012 -1.31433e+109
-2.48193 -1.17109e+109
-2.43373 -1.04111e+109
-2.38554 -9.23378e+108
-2.33735 -8.16957e+108
-2.28916 -7.20958e+108
-2.24096 -6.34551e+108
-2.19277 -5.56951e+108
-2.14458 -4.87426e+108
-2.09639 -4.25289e+108
-2.04819 -3.69898e+108
-2 -3.20654e+108
-1.95181 -2.76999e+108
-1.90361 -2.38414e+108
-1.85542 -2.04415e+108
-1.80723 -1.74557e+108
-1.75904 -1.48425e+108
-1.71084 -1.25637e+108
-1.66265 -1.05843e+108
-1.61446 -8.87192e+107
-1.56627 -7.39688e+107
-1.51807 -6.13214e+107
-1.46988 -5.05298e+107
-1.42169 -4.13695e+107
-1.37349 -3.3637e+107
-1.3253 -2.71484e+107
-1.27711 -2.17382e+107
-1.22892 -1.7258e+107
-1.18072 -1.35752e+107
-1.13253 -1.0572e+107
-1.08434 -8.14411e+106
-1.03614 -6.19982e+106
-0.987952 -4.65877e+106
-0.939759 -3.45109e+106
-0.891566 -2.5164e+106
-0.843373 -1.80292e+106
-0.795181 -1.26664e+106
-0.746988 -8.7044e+105
-0.698795 -5.83387e+105
-0.650602 -3.79972e+105
-0.60241 -2.39447e+105
-0.554217 -1.4519e+105
-0.506024 -8.41171e+104
-0.457831 -4.61413e+104
-0.409639 -2.36735e+104
-0.361446 -1.11716e+104
-0.313253 -4.734e+103
-0.26506 -1.7375e+103
-0.216867 -5.21223e+102
-0.168675 -1.15387e+102
-0.120482 -1.53246e+101
-0.0722892 -7.14984e+99
-0.0240964 -9.80773e+96
0.0240964 -9.80773e+96
0.0722892 -7.14984e+99
0.120482 -1.53246e+101
0.168675 -1.15387e+102
0.216867 -5.21223e+102
0.26506 -1.7375e+103
0.313253 -4.734e+103
0.361446 -1.11716e+104
0.409639 -2.36735e+104
0.457831 -4.61413e+104
0.506024 -8.41171e+104
0.554217 -1.4519e+105
0.60241 -2.39447e+105
0.650602 -3.79972e+105
0.698795 -5.83387e+105
0.746988 -8.7044e+105
0.795181 -1.26664e+106
0.843373 -1.80292e+106
0.891566 -2.5164e+106
0.939759 -3.45109e+106
0.987952 -4.65877e+106
1.03614 -6.19982e+106
1.08434 -8.14411e+106
1.13253 -1.0572e+107
1.18072 -1.35752e+107
1.22892 -1.7258e+107
1.27711 -2.17382e+107
1.3253 -2.71484e+107
1.37349 -3.3637e+107
1.42169 -4.13695e+107
1.46988 -5.05298e+107
1.51807 -6.13214e+107
1.56627 -7.39688e+107
1.61446 -8.87192e+107
1.66265 -1.05843e+108
1.71084 -1.25637e+108
1.75904 -1.48425e+108
1.80723 -1.74557e+108
1.85542 -2.04415e+108
1.90361 -2.38414e+108
1.95181 -2.76999e+108
2 -3.20654e+108
2.04819 -3.69898e+108
2.09639 -4.25289e+108
2.14458 -4.87426e+108
2.19277 -5.56951e+108
2.24096 -6.34551e+108
2.28916 -7.20958e+108
2.33735 -8.16957e+108
2.38554 -9.23378e+108
2.43373 -1.04111e+109
2.48193 -1.17109e+109
2.53012 -1.31433e+109
2.57831 -1.47188e+109
2.62651 -1.64485e+109
2.6747 -1.83445e+109
2.72289 -2.04192e+109
2.77108 -2.26859e+109
2.81928 -2.51584e+109
2.86747 -2.78516e+109
2.91566 -3.07809e+109
2.96386 -3.39625e+109
3.01205 -3.74135e+109
3.06024 -4.1152e+109
3.10843 -4.51967e+109
3.15663 -4.95674e+109
3.20482 -5.42848e+109
3.25301 -5.93706e+109
3.3012 -6.48473e+109
3.3494 -7.07387e+109
3.39759 -7.70696e+109
3.44578 -8.38658e+109
3.49398 -9.11542e+109
3.54217 -9.89629e+109
3.59036 -1.07321e+110
3.63855 -1.1626e+110
3.68675 -1.25811e+110
3.73494 -1.36006e+110
3.78313 -1.46881e+110
3.83133 -1.58472e+110
3.87952 -1.70814e+110
3.92771 -1.83948e+110
3.9759 -1.97912e+110
4.0241 -2.12749e+110
4.07229 -2.28501e+110
4.12048 -2.45214e+110
4.16867 -2.62933e+110
4.21687 -2.81707e+110
4.26506 -3.01584e+110
4.31325 -3.22617e+110
4.36145 -3.44858e+110
4.40964 -3.68362e+110
4.45783 -3.93187e+110
4.50602 -4.1939e+110
4.55422 -4.47033e+110
4.60241 -4.76177e+110
4.6506 -5.06888e+110
4.6988 -5.39233e+110
4.74699 -5.73279e+110
4.79518 -6.09098e+110
4.84337 -6.46763e+110
4.89157 -6.86349e+110
4.93976 -7.27934e+110
4.98795 -7.71597e+110
5.03614 -8.17422e+110
5.08434 -8.65493e+110
5.13253 -9.15896e+110
5.18072 -9.68722e+110
5.22892 -1.02406e+111
5.27711 -1.08201e+111
5.3253 -1.14267e+111
5.37349 -1.20614e+111
5.42169 -1.27252e+111
5.46988 -1.34191e+111
5.51807 -1.41443e+111
5.56627 -1.49019e+111
5.61446 -1.56929e+111
5.66265 -1.65187e+111
5.71084 -1.73804e+111
5.75904 -1.82791e+111
5.80723 -1.92163e+111
5.85542 -2.01932e+111
5.90361 -2.12112e+111
5.95181 -2.22715e+111
6 -2.33757e+111
