-6 3.77445
-5.9 3.49659
-5.8 3.23468
-5.7 2.98808
-5.6 2.75616
-5.5 2.5383
-5.4 2.33391
-5.3 2.1424
-5.2 1.96319
-5.1 1.79574
-5 1.63948
-4.9 1.4939
-4.8 1.35847
-4.7 1.2327
-4.6 1.1161
-4.5 1.00818
-4.4 0.908494
-4.3 0.816587
-4.2 0.732027
-4.1 0.654394
-4 0.58328
-3.9 0.518294
-3.8 0.459055
-3.7 0.405197
-3.6 0.356368
-3.5 0.312227
-3.4 0.272449
-3.3 0.236721
-3.2 0.204742
-3.1 0.176226
-3 0.150899
-2.9 0.128499
-2.8 0.108778
-2.7 0.0914999
-2.6 0.0764415
-2.5 0.0633914
-2.4 0.0521508
-2.3 0.0425327
-2.2 0.0343621
-2.1 0.0274755
-2 0.0217211
-1.9 0.0169582
-1.8 0.0130572
-1.7 0.00989915
-1.6 0.0073758
-1.5 0.005389
-1.4 0.00385051
-1.3 0.00268163
-1.2 0.00181288
-1.1 0.00118353
-1 0.000741202
-0.9 0.0004414
-0.8 0.000247007
-0.7 0.000127744
-0.6 5.95863e-05
-0.5 2.41389e-05
-0.4 7.97223e-06
-0.3 1.90644e-06
-0.2 2.52943e-07
-0.1 7.96231e-09
0 0
0.1 8.07361e-09
0.2 2.60053e-07
0.3 1.98717e-06
0.4 8.42385e-06
0.5 2.5852e-05
0.6 6.46658e-05
0.7 0.000140447
0.8 0.00027504
0.9 0.000497608
1 0.000845664
1.1 0.00136605
1.2 0.00211585
1.3 0.00316323
1.4 0.00458814
1.5 0.00648292
1.6 0.00895279
1.7 0.0121161
1.8 0.0161046
1.9 0.021063
2 0.0271495
2.1 0.0345345
2.2 0.0434008
2.3 0.0539422
2.4 0.0663631
2.5 0.0808774
2.6 0.097707
2.7 0.117081
2.8 0.139234
2.9 0.164406
3 0.192839
3.1 0.224776
3.2 0.260463
3.3 0.300142
3.4 0.344056
3.5 0.392442
3.6 0.445533
3.7 0.503558
3.8 0.566739
3.9 0.635289
4 0.709415
4.1 0.789313
4.2 0.875172
4.3 0.967168
4.4 1.06547
4.5 1.17023
4.6 1.28159
4.7 1.39969
4.8 1.52463
4.9 1.65654
5 1.79551
5.1 1.9416
5.2 2.0949
5.3 2.25544
5.4 2.42328
5.5 2.59844
5.6 2.78093
5.7 2.97074
5.8 3.16786
5.9 3.37226
6 3.5839
