-6 9.05578
-5.95181 8.96542
-5.90361 8.87506
-5.85542 8.78469
-5.80723 8.69432
-5.75904 8.60394
-5.71084 8.51355
-5.66265 8.42315
-5.61446 8.33274
-5.56627 8.24232
-5.51807 8.15187
-5.46988 8.06141
-5.42169 7.97092
-5.37349 7.8804
-5.3253 7.78985
-5.27711 7.69928
-5.22892 7.60866
-5.18072 7.518
-5.13253 7.4273
-5.08434 7.33655
-5.03614 7.24574
-4.98795 7.15487
-4.93976 7.06394
-4.89157 6.97294
-4.84337 6.88186
-4.79518 6.79069
-4.74699 6.69943
-4.6988 6.60808
-4.6506 6.51661
-4.60241 6.42502
-4.55422 6.33331
-4.50602 6.24145
-4.45783 6.14944
-4.40964 6.05727
-4.36145 5.96491
-4.31325 5.87236
-4.26506 5.7796
-4.21687 5.68659
-4.16867 5.59334
-4.12048 5.4998
-4.07229 5.40595
-4.0241 5.31176
-3.9759 5.21719
-3.92771 5.12221
-3.87952 5.02676
-3.83133 4.9308
-3.78313 4.83425
-3.73494 4.73705
-3.68675 4.6391
-3.63855 4.54028
-3.59036 4.44045
-3.54217 4.33943
-3.49398 4.23695
-3.44578 4.13262
-3.39759 4.0258
-3.3494 3.91506
-3.3012 3.79651
-3.25301 3.67832
-3.20482 3.56208
-3.15663 3.44781
-3.10843 3.33549
-3.06024 3.22513
-3.01205 3.11672
-2.96386 3.01027
-2.91566 2.90578
-2.86747 2.80324
-2.81928 2.70265
-2.77108 2.60402
-2.72289 2.50733
-2.6747 2.41258
-2.62651 2.31978
-2.57831 2.22892
-2.53012 2.14
-2.48193 2.05301
-2.43373 1.96795
-2.38554 1.88482
-2.33735 1.80361
-2.28916 1.72433
-2.24096 1.64695
-2.19277 1.57149
-2.14458 1.49793
-2.09639 1.42627
-2.04819 1.35651
-2 1.28863
-1.95181 1.22264
-1.90361 1.15852
-1.85542 1.09627
-1.80723 1.03588
-1.75904 0.977338
-1.71084 0.920645
-1.66265 0.865788
-1.61446 0.812758
-1.56627 0.761547
-1.51807 0.712144
-1.46988 0.66454
-1.42169 0.618723
-1.37349 0.574682
-1.3253 0.532407
-1.27711 0.491884
-1.22892 0.453102
-1.18072 0.416048
-1.13253 0.380706
-1.08434 0.347065
-1.03614 0.315108
-0.987952 0.284821
-0.939759 0.256188
-0.891566 0.229191
-0.843373 0.203815
-0.795181 0.18004
-0.746988 0.15785
-0.698795 0.137224
-0.650602 0.118142
-0.60241 0.100584
-0.554217 0.0845292
-0.506024 0.0699545
-0.457831 0.0568373
-0.409639 0.0451536
-0.361446 0.034879
-0.313253 0.0259877
-0.26506 0.0184536
-0.216867 0.012249
-0.168675 0.0073458
-0.120482 0.0037146
-0.0722892 0.00132508
-0.0240964 0.000145856
0.0240964 0.000144456
0.0722892 0.0012873
0.120482 0.00353966
0.168675 0.0068656
0.216867 0.011228
0.26506 0.0165884
0.313253 0.0229072
0.361446 0.0301433
0.409639 0.0382543
0.457831 0.0471963
0.506024 0.056924
0.554217 0.0673906
0.60241 0.0785477
0.650602 0.0903453
0.698795 0.102732
0.746988 0.115653
0.795181 0.129055
0.843373 0.14288
0.891566 0.15707
0.939759 0.171563
0.987952 0.186296
1.03614 0.201206
1.08434 0.216224
1.13253 0.231281
1.18072 0.246305
1.22892 0.261224
1.27711 0.27596
1.3253 0.290434
1.37349 0.304565
1.42169 0.318269
1.46988 0.331458
1.51807 0.344043
1.56627 0.355931
1.61446 0.367025
1.66265 0.377227
1.71084 0.386434
1.75904 0.39454
1.80723 0.401436
1.85542 0.407009
1.90361 0.411141
1.95181 0.413713
2 0.414598
2.04819 0.413669
2.09639 0.410791
2.14458 0.405828
2.19277 0.398635
2.24096 0.389067
2.28916 0.37697
2.33735 0.362188
2.38554 0.344556
2.43373 0.323907
2.48193 0.300066
2.53012 0.272853
2.57831 0.242081
2.62651 0.207558
2.6747 0.169083
2.72289 0.12645
2.77108 0.0794454
2.81928 0.0278475
2.86747 -0.0285727
2.91566 -0.0900526
2.96386 -0.156838
3.01205 -0.229183
3.06024 -0.30735
3.10843 -0.391614
3.15663 -0.482257
3.20482 -0.579571
3.25301 -0.68386
3.3012 -0.795439
3.3494 -0.914633
3.39759 -1.04178
3.44578 -1.17723
3.49398 -1.32135
3.54217 -1.47452
3.59036 -1.63712
3.63855 -1.80956
3.68675 -1.99226
3.73494 -2.18566
3.78313 -2.39022
3.83133 -2.6064
3.87952 -2.83469
3.92771 -3.07561
3.9759 -3.32967
4.0241 -3.59743
4.07229 -3.87946
4.12048 -4.17635
4.16867 -4.48872
4.21687 -4.8172
4.26506 -5.16247
4.31325 -5.55078
4.36145 -6.02496
4.40964 -6.55948
4.45783 -7.14844
4.50602 -7.78984
4.55422 -8.48318
4.60241 -9.22873
4.6506 -10.0272
4.6988 -10.8797
4.74699 -11.7876
4.79518 -12.7525
4.84337 -13.776
4.89157 -14.8601
4.93976 -16.0068
4.98795 -17.2184
5.03614 -18.4973
5.08434 -19.8459
5.13253 -21.2668
5.18072 -22.763
5.22892 -24.3374
5.27711 -25.993
5.3253 -27.7332
5.37349 -29.5615
5.42169 -31.4814
5.46988 -33.4969
5.51807 -35.6119
5.56627 -37.8307
5.61446 -40.1578
5.66265 -42.5977
5.71084 -45.1556
5.75904 -47.8365
5.80723 -50.646
5.85542 -53.5898
5.90361 -56.674
5.95181 -59.9049
6 -63.2894
