-6 0.137146
-5.9 0.112646
-5.8 0.0914043
-5.7 0.0730852
-5.6 0.0573811
-5.5 0.0440079
-5.4 0.0327048
-5.3 0.0232327
-5.2 0.0153729
-5.1 0.00892602
-5 0.00371088
-4.9 0.000436768
-4.8 0.00366526
-4.7 0.00610805
-4.6 0.00788479
-4.5 0.00910224
-4.4 0.00985522
-4.3 0.0102275
-4.2 0.0102928
-4.1 0.0101154
-4 0.00975101
-3.9 0.00924754
-3.8 0.00864586
-3.7 0.0079804
-3.6 0.00727982
-3.5 0.00656761
-3.4 0.00586268
-3.3 0.00517988
-3.2 0.00453047
-3.1 0.00392267
-3 0.00336201
-2.9 0.00285178
-2.8 0.00239336
-2.7 0.00198662
-2.6 0.00163014
-2.5 0.00132157
-2.4 0.0010578
-2.3 0.000835239
-2.2 0.000649967
-2.1 0.000497914
-2 0.000374995
-1.9 0.000277225
-1.8 0.000200808
-1.7 0.000142212
-1.6 9.82162e-05
-1.5 6.59448e-05
-1.4 4.2885e-05
-1.3 2.68884e-05
-1.2 1.61616e-05
-1.1 9.24547e-06
-1 4.98734e-06
-0.9 2.50604e-06
-0.8 1.15367e-06
-0.7 4.7538e-07
-0.6 1.69459e-07
-0.5 4.95678e-08
-0.4 1.08889e-08
-0.3 1.52165e-09
-0.2 9.31812e-11
-0.1 7.61438e-13
0 0
0.1 8.31328e-13
0.2 1.10997e-10
0.3 1.97811e-09
0.4 1.54464e-08
0.5 7.67172e-08
0.6 2.86111e-07
0.7 8.75385e-07
0.8 2.31647e-06
0.9 5.48542e-06
1 1.18971e-05
1.1 2.4028e-05
1.2 4.57449e-05
1.3 8.28598e-05
1.4 0.000143829
1.5 0.000240615
1.6 0.000389733
1.7 0.000613487
1.8 0.00094142
1.9 0.00141198
2 0.0020744
2.1 0.00299082
2.2 0.00423857
2.3 0.00591275
2.4 0.0081289
2.5 0.0110259
2.6 0.014769
2.7 0.0195531
2.8 0.0256058
2.9 0.0331909
3 0.0426119
3.1 0.0542152
3.2 0.068394
3.3 0.0855911
3.4 0.106303
3.5 0.131084
3.6 0.160546
3.7 0.195368
3.8 0.236295
3.9 0.284141
4 0.339794
4.1 0.404222
4.2 0.47847
4.3 0.563667
4.4 0.661028
4.5 0.77186
4.6 0.897561
4.7 1.03962
4.8 1.19965
4.9 1.37932
5 1.58045
5.1 1.80494
5.2 2.05481
5.3 2.3322
5.4 2.63937
5.5 2.97869
5.6 3.35266
5.7 3.76391
5.8 4.21519
5.9 4.7094
6 5.24956
