-0.2 1.07743 -0.00589442
-0.192 1.07445 -0.000752408
-0.184 1.07165 0.00417747
-0.176 1.06905 0.00889522
-0.168 1.06663 0.0134008
-0.16 1.06439 0.0176943
-0.152 1.06235 0.0217757
-0.144 1.06049 0.0256449
-0.136 1.05882 0.029302
-0.128 1.05733 0.032747
-0.12 1.05604 0.0359798
-0.112 1.05493 0.0390006
-0.104 1.054 0.0418091
-0.096 1.05327 0.0444056
-0.088 1.05272 0.0467899
-0.08 1.05235 0.0489621
-0.072 1.05218 0.0509222
-0.064 1.05219 0.0526701
-0.056 1.05239 0.0542059
-0.048 1.05277 0.0555296
-0.04 1.05335 0.0566412
-0.032 1.05411 0.0575406
-0.024 1.05505 0.0582279
-0.016 1.05619 0.0587031
-0.008 1.05751 0.0589661
0 1.05902 0.059017
0.008 1.06071 0.0588558
0.016 1.06259 0.0584824
0.024 1.06466 0.0578969
0.032 1.06692 0.0570993
0.04 1.06936 0.0560896
0.048 1.07199 0.0548677
0.056 1.07481 0.0534337
0.064 1.07781 0.0517876
0.072 1.08101 0.0499293
0.08 1.08438 0.0478589
0.088 1.08795 0.0455764
0.096 1.0917 0.0430818
0.104 1.09564 0.040375
0.112 1.09977 0.0374561
0.12 1.10408 0.0343251
0.128 1.10858 0.0309819
0.136 1.11327 0.0274266
0.144 1.11814 0.0236592
0.152 1.12321 0.0196796
0.16 1.12846 0.015488
0.168 1.13389 0.0110842
0.176 1.13951 0.00646821
0.184 1.14532 0.00164015
0.192 1.15132 -0.00340005
0.2 1.15751 -0.00865238
